"Dongjak-gu"              6       1       2       0   23000       0       0      20      38     380     230   24500    1000    4500
"Dongdaemun-gu"           2       2       2       0       0    5500       0      12      76     140     100       0    6000       0
"Eunpyeong-gu"            6       1       2       0    6250       0       0      16      69      65     100   13000    7000       0
"Gwanak-gu"               2       2       2       0       0    4000       0      11      79      56      55       0    4000       0
"Songpa-gu"               2       2       1       1       0    4000       0      13      77      45      45   35000    4000       0
"Yeongdeungpo-gu"         8       1       2       0   35000       0       0      26      33     350     200   35000       0       0
"Jongno-gu"               6       1       2       0   10700       0       0      15      75      80      80   11000       0    1500
"Gangbuk-gu"              4       1       1       1   19000       0       0      18      81      80      70   33000   10000    1000
"Gangdong-gu"             4       2       2       0       0   36000       0      19      36     500     300       0   36000   20000
"Seocho-gu"               4       2       1       2       0   63000       0      32      44    1000     700  130000   63000   70000
"Gangnam-gu"              4       1       2       0   35000       0       0      13      42     320     100   43000    5000   20000
"Gangseo-gu"              4       1       2       0   53000       0       0      35      72     250     150   75000       0       0
"Guro-gu"                 4       1       2       0   11500       0       0      24      60     500     300   33000    3000       0
"Yangcheon-gu"            6       1       2       0   11000       0       0      17      58     615     200   17000    1000       0
"Seongbuk-gu"             4       2       2       0       0    5600       0      16      75     142      60    5600    5600       0
"Yongsan-gu"              4       1       2       0   60000       0       0      32      44     800     600   60000       0   35000
"Jungnang-gu"             2       1       2       0   40000       0       0      20      80     150     100   40000   15000    8000
"Dobong-gu"               1       1       2       0   25000       0       0      30      69     112     100   32000    2000       0
"Gwangjin-gu"             2       2       2       0       0   20000       0      25      49     500     350   18000   23000       0
"Seodaemun-gu"            6       2       2       0       0   12000       0      15      36     150     150       0   12000    7000
"Jung-gu"                 4       1       1       1   85000       0       0      45      71     100     200  150000       0       0
"Mapo-gu"                 4       1       2       0   27000       0       0      25      55    1000     300   40000       0       0
"Nowon-gu"                4       1       2       0   40000       0       0      42      56     400     400   65000       0       0
"Seongdong-gu"            4       1       2       0   31500       0       0      30      38     190     180   42000       0   13000
"Geumcheon-gu"            6       2       2       0       0   12000       0      18      38     500     300       0   12000    5000
