"Gangseo-gu"              4       2       2       0       0   17400       0      17      69     480     300    5000   21000   10000
"Yongsan-gu"              2       2       2       0       0    8000       0      18      63     170     150       0    8000       0
"Gangdong-gu"             4       1       2       0   39000       0       0      33      49     300     250   50000       0   20000
"Dongjak-gu"              4       1       2       0   38000       0       0      18      80      45      70   42000       0   10000
"Yangcheon-gu"            6       1       2       0   11000       0       0      17      58     615     200   17000    1000       0
"Jungnang-gu"             5       1       2       0    8000       0       0      24      58     150     170   10000       0     300
"Gwangjin-gu"             2       1       2       0   50000       0       0      57      67     250     180   50000    3000       0
"Gangnam-gu"              6       2       2       0       0   17000       0      12      58     600     400   17000   17000    3000
"Yeongdeungpo-gu"         1       1       2       0   48000       0       0      30      70      96      60   48000    6000       0
"Seongbuk-gu"             4       2       1       1       0   22000       0      33      43     350     250   35000   22000       0
"Mapo-gu"                 4       2       1       1       0   37000       0      26      65     250     200   70000   50000       0
"Guro-gu"                 2       2       2       0       0    4500       0      12      37     450     200       0    4500       0
"Eunpyeong-gu"            5       2       2       0       0    9000       0      10      35     593     200       0   14000       0
"Gangbuk-gu"              4       2       2       0       0   16000       0      24      40     500     350       0   18000    7000
"Dobong-gu"               2       2       2       0       0    3500       0      13      85      50      50       0    3500       0
"Gwanak-gu"               6       1       2       0   20000       0       0      21      67     600     200   28000       0       0
"Dongdaemun-gu"           4       1       2       0   20000       0       0      32      60     350      28   35000    3000       0
"Nowon-gu"                4       1       2       0   37000       0       0      33      57     350     300   40000       0       0
"Jongno-gu"               4       2       2       0       0   50000       0      33      57    1000     600       0   50000       0
"Songpa-gu"               5       1       2       0   17000       0       0      24      71     100     100   35000    2000       0
"Seocho-gu"               4       1       2       0   22000       0       0      25      76     282     200   60000       0   10000
"Seodaemun-gu"            5       1       2       0   10000       0       0      20      48     400     200   15000       0       0
"Seongdong-gu"            3       2       2       0       0    7000       0      10      42     220     150    7000    8800       0
"Geumcheon-gu"            4       2       2       0       0    4000       0      14      74     140     100       0    4000       0
"Jung-gu"                 4       1       2       0   50000       0       0      18      31     500     300   50000       0   18000
