"Dongdaemun-gu"           2       4       2       0       0       0      40      17      63     300     200       0    5000       0
"Gangbuk-gu"              6       1       2       0    5000       0       0      15      80      70      70   12000    2000       0
"Mapo-gu"                 6       2       1       1       0    8000       0      15      41     350     200   20000    8000       0
"Gwangjin-gu"             3       2       2       0       0   12000       0      14      93      70      70       0   12000       0
"Gangdong-gu"             4       1       2       0   31000       0       0      17      73     214     200   50000    2000       0
"Nowon-gu"                4       1       2       0   37000       0       0      33      51     350     350   41000       0       0
"Guro-gu"                 4       1       1       1   13000       0       0      32      67     585     250   78000       0       0
"Yeongdeungpo-gu"         4       1       2       0   30000       0       0      28      46     300     200   47000    3000    1000
"Dongjak-gu"              6       2       2       0       0   19000       0      20      41     350     240       0   21000    1800
"Yangcheon-gu"            4       1       2       0   26000       0       0      18      38     330     250   29000       0    9000
"Gangseo-gu"              4       1       2       0    8000       0       0      17      73      70      70   25000     100       0
"Jungnang-gu"             2       2       2       0       0   13000       0      10      73      50      50   13000   14000       0
"Seodaemun-gu"            1       1       2       0   30000       0       0      10      74     100     100   60000       0       0
"Dobong-gu"               4       1       2       0   10000       0       0      25      78     107     100   25000    1000       0
"Eunpyeong-gu"            6       1       2       0    5000       0       0      17      49     240     265   15000    2500    1450
"Songpa-gu"               4       1       2       0   15000       0       0      66      65     900     400  240000       0       0
"Jung-gu"                 1       1       1       1   25000       0       0      33      63     800     300   60000    1000    5100
"Seocho-gu"               4       2       2       0       0   60000       0      32      47     800     500       0   60000       0
"Gangnam-gu"              4       2       2       0       0   15000       0      13      60     300     200   15000   15000    3000
"Seongbuk-gu"             2       2       2       0       0    4000       0      15      78      82      80    4000    4000       0
"Gwanak-gu"               4       1       2       0   35000       0       0      44      65     300     300   40000       0       0
"Jongno-gu"               5       1       2       0   25000       0       0      48      57     700     500   45000       0       0
"Yongsan-gu"              2       2       2       0       0    7500       0      15      57      60      40       0    7500    7500
"Seongdong-gu"            2       1       2       0   10000       0       0      18      77     200      35   40000    3200       0
"Geumcheon-gu"            6       1       2       0    7500       0       0      23      62     200     150   13000    3000       0
