"Gangdong-gu"             2       2       2       0       0    4000       0      12      62     120     120       0    4000       0
"Songpa-gu"               4       1       2       0  130000       0       0      45      62    1000     500  150000   15000       0
"Yangcheon-gu"            4       1       2       0   26000       0       0      32      74      40     150   34000       0       0
"Guro-gu"                 4       1       2       0   20000       0       0      52      84     300     200   52000    4000       0
"Nowon-gu"                4       1       2       0   15000       0       0      28      92     100      60   35000       0       0
"Mapo-gu"                 5       1       2       0   38000       0       0      29      51     700     600   40000   15000       0
"Yeongdeungpo-gu"         1       1       2       0   63000       0       0      42      71     400     180   63000       0       0
"Gwanak-gu"               4       1       2       0   45000       0       0      44      63     350     350   45000    5000   14000
"Gangseo-gu"              2       1       2       0   20000       0       0      24      76     180     180   50000    1000       0
"Seocho-gu"               4       1       2       0   40000       0       0      30      70     320     200   40000    3000       0
"Gangbuk-gu"              5       1       1       1   13000       0       0      15      78      70      70   30000    2000       0
"Gwangjin-gu"             3       1       2       0  100000       0       0      23      69     300     250  100000   24500       0
"Seongdong-gu"            2       1       2       0   10000       0       0      18      87      50      50   23000    2000       0
"Seongbuk-gu"             2       1       2       0   44400       0       0      20      62     350      70   55000       0       0
"Dongjak-gu"              6       1       2       0   28000       0       0      10      71      66      50   28000       0       0
"Yongsan-gu"              4       1       2       0   43000       0       0      32      53     500     400   60000       0   23000
"Seodaemun-gu"            5       1       2       0   12000       0       0      20      83      40      40   16000       0       0
"Jungnang-gu"             2       2       2       0       0    8000       0      10      46     170     170       0    8000   15000
"Eunpyeong-gu"            2       1       2       0   30000       0       0      20      62     580     300   70000   10000    2000
"Gangnam-gu"              4       2       2       0       0   65000       0      31      39     500     350       0   75000   10000
"Geumcheon-gu"           10       4       2       0       0       0      28       2      59      80      28       0       0       0
"Jung-gu"                 3       1       2       0   12000       0       0      23      75      80     100  150000     200   15000
"Dobong-gu"               2       1       2       0    7000       0       0      20      77      80      80   25000    1000       0
"Dongdaemun-gu"           4       2       2       0       0    3300       0      13      83     220     100       0    3300       0
"Jongno-gu"               4       1       2       0   38000       0       0      30      57     500     300   60000    2000       0
