"Nowon-gu"                5       2       2       0       0   13000       0      25      49     400     300       0   13000       0
"Seongbuk-gu"             6       1       2       0    5600       0       0      12      50     400     350   10000       0    3000
"Jungnang-gu"             4       1       2       0   28000       0       0      21      35     300     300   30000       0   12000
"Jongno-gu"               5       1       2       0   16000       0       0      20      70     110     100   60000       0       0
"Jung-gu"                 1       1       1       1   25000       0       0      33      63     800     300   60000    1000    5100
"Guro-gu"                 4       2       2       0       0   30000       0      24      54    1000     350       0   30000       0
"Seodaemun-gu"            4       1       2       0   25000       0       0      27      57     150     150   30000       0       0
"Yangcheon-gu"            2       2       2       0       0    4500       0      12      71      38      50       0    5000       0
"Gangdong-gu"             4       2       2       0       0   22000       0      34      50     532     400       0   22000    5000
"Gwanak-gu"               4       1       2       0   29000       0       0      19      64     200     200   35000   95000       0
"Songpa-gu"               6       2       2       0       0   14500       0      18      41     800     300       0   14500    3000
"Yongsan-gu"              6       2       2       0       0   10000       0      10      60      95      95       0   10000    7000
"Eunpyeong-gu"            6       1       1       1   23000       0       0      42      48     390     400   73000     500   34000
"Seocho-gu"              10       4       2       0       0       0      25       5      54     150      50       0       0       0
"Gangseo-gu"              4       1       2       0   18000       0       0    25.7      51     500     400   50000    5000       0
"Dobong-gu"               4       1       2       0   10000       0       0      25      58     100     100   25000     900       0
"Mapo-gu"                 4       1       2       0   75000       0       0      37      73     200     200   80000     600       0
"Gangbuk-gu"              4       1       2       0   10000       0       0      24      51     400     300   25000    8000    2000
"Dongjak-gu"              2       2       2       0       0   19000       0      25      44     316     300       0   19000       0
"Yeongdeungpo-gu"         2       1       2       0   19000       0       0      14      37     300     150   19000       0       0
"Dongdaemun-gu"           5       1       2       0    8000       0       0      19      80      86      60   28000     500       0
"Gangnam-gu"              2       2       2       0       0   20000       0      25      47     400     250       0   28000       0
"Seongdong-gu"            2       2       2       0       0    7000       0      15      49     300     150    7000    9800       0
"Gwangjin-gu"             4       1       1       1   90000       0       0      54      54     920     500  140000       0   30000
"Geumcheon-gu"           10       4       2       0       0       0      30       2      66      43      30       0       0     300
