"Songpa-gu"               4       2       2       0       0   50000       0      32      53     500     400       0   65000       0
"Mapo-gu"                 2       2       2       0       0   15000       0      20      33     300     180       0   15000       0
"Eunpyeong-gu"            4       1       2       0   23000       0       0      20      87     117     117   26000    6000       0
"Gangnam-gu"              4       2       2       0       0   12000       0      18      48     300     300   12000   18000       0
"Jongno-gu"               4       1       2       0   66000       0       0      25      46     700     350   66000       0   30000
"Yongsan-gu"              4       1       2       0    6000       0       0      33      73     300     200   70000       0       0
"Yeongdeungpo-gu"         2       1       2       0   19000       0       0      14      37     300     150   19000       0       0
"Dobong-gu"               4       1       2       0   24000       0       0      24      73     165     130   25000     300       0
"Guro-gu"                 2       2       2       0       0    7000       0      12      52     150     200       0    7000    5000
"Seongdong-gu"            2       1       2       0   10000       0       0      18      77     200      35   40000    3200       0
"Gwanak-gu"               4       1       2       0    8000       0       0      29      71     175     140   44000       0       0
"Yangcheon-gu"            4       1       2       0   45000       0       0      15      43     600     400   60000   10000       0
"Dongjak-gu"              5       2       2       0       0   10500       0      18      41     300     130       0   10500     700
"Gangseo-gu"              4       2       1       1       0   30000       0      24      49     550     450   50000   39000   39000
"Dongdaemun-gu"           4       1       2       0   23000       0       0      41      61     100     100   47000       0       0
"Seocho-gu"              10       4       2       0       0       0      25       5      33     150     100       0       0       0
"Gwangjin-gu"             1       2       2       0       0    5000       0      15      73      32      60    5000    5500       0
"Seodaemun-gu"            2       2       2       0       0    9000       0      20      51     200     100       0    9000    7000
"Nowon-gu"                6       2       2       0       0   15000       0      25      52     500     400       0   16000       0
"Gangbuk-gu"              2       1       2       0   32000       0       0      20      73     121     120   50000   10000   10000
"Gangdong-gu"             2       2       1       1       0   15000       0      18      68     400     250   70000   15000       0
"Geumcheon-gu"            2       1       1       1   40000       0       0      20      72     200     200   50000    2000       0
"Jungnang-gu"             1       2       2       0       0    3000       0      12      45     250     250    3000    3000    1500
"Seongbuk-gu"             4       2       2       0       0   24000       0      33      47     350     200       0   24000       0
"Jung-gu"                 4       1       2       0   39000       0       0      18      61     100     100   50000    7000       0
