"Jung-gu"                 1       1       2       0   28500       0       0      20      58     350     200   40000     100    7700
"Gangseo-gu"              4       1       2       0   14000       0       0      24      47     500     250   40000    3000       0
"Eunpyeong-gu"            4       2       2       0       0   12000       0      20      36     340     200       0   16000       0
"Seongbuk-gu"             4       2       2       0       0    6500       0      16      37     250     200    6500    6500       0
"Mapo-gu"                 2       2       2       0       0    6000       0      12      90      70      70       0    6000       0
"Nowon-gu"                4       2       2       0       0   28000       0      33      52     600     500       0   28000   20000
"Gwanak-gu"               2       2       2       0       0    5000       0      12      86      82      75       0    5000       0
"Seocho-gu"               2       1       2       0   25000       0       0      30      80     800     400   90000       0   50000
"Guro-gu"                 4       1       2       0   20000       0       0      52      84     300     200   52000    4000       0
"Dongjak-gu"              4       1       2       0   60000       0       0      49      75     154     300   80000       0       0
"Dongdaemun-gu"           2       1       2       0   22000       0       0      24      40     320     200   32000       0       0
"Gangbuk-gu"              4       1       2       0    7600       0       0      18      56     550     370   18000    3500       0
"Songpa-gu"               4       1       2       0   40000       0       0      25      41     400     300   45000       0    3000
"Yangcheon-gu"            6       1       2       0   24000       0       0      30      42     300     150   32000     700     800
"Dobong-gu"               1       1       2       0   25000       0       0      30      69     112     100   32000    2000       0
"Gwangjin-gu"             2       2       2       0       0    9000       0      13      61     300     100    9000   10000       0
"Jungnang-gu"             2       2       2       0       0    3500       0       8      77      40      40       0    3500     500
"Gangdong-gu"             4       2       2       0       0   22000       0      34      50     532     400       0   22000    5000
"Seodaemun-gu"            6       1       2       0   19000       0       0      25      67     320     200   25000       0    5000
"Yeongdeungpo-gu"         4       1       2       0   48000       0       0      30      87     220     150   45000    3000       0
"Jongno-gu"               5       2       1       1       0   45000       0      30      48    1500     500   60000   45000       0
"Seongdong-gu"            2       2       2       0       0    7000       0      15      51     180     100    7000    8000       0
"Geumcheon-gu"            4       2       2       0       0    3800       0      14      60     300     200    3800    4500       0
"Gangnam-gu"              4       1       2       0   25000       0       0   53.18      58     800     500  146000   23000       0
"Yongsan-gu"              4       2       1       1       0   46000       0      28      55     700     500   30000   46000       0
