"Seongbuk-gu"             1       1       2       0   22400       0       0      17      55     300     250   22400    3000    8000
"Yongsan-gu"              5       1       2       0   35000       0       0      23      66     102     100   50000       0       0
"Nowon-gu"                4       2       2       0       0   50000       0      43      47     500     500       0   50000       0
"Dobong-gu"               4       2       2       0       0   25000       0      32      57     420     300       0   30000       0
"Dongjak-gu"              4       1       2       0   29000       0       0      18      46     400     300   45000   10000    7000
"Mapo-gu"                 2       1       2       0   78000       0       0      26      64     280     100   80000       0   30000
"Gwangjin-gu"             6       2       2       0       0   15000       0      24      55     250     200   15000   17500       0
"Seodaemun-gu"            6       1       2       0   17000       0       0      28      57     500     300   25000       0       0
"Gwanak-gu"               2       1       2       0   11000       0       0      20      63     130     100   48000       0       0
"Jongno-gu"               2       4       2       0       0       0      25      13      61     250     250       0       0       0
"Gangseo-gu"              4       1       2       0   15000       0       0      24      56     500     300   40000    5000       0
"Seocho-gu"               4       2       2       0       0   45000       0      25      43     800     300       0   45000       0
"Songpa-gu"               4       1       1       1   43000       0       0      32      65     600     450  140000       0       0
"Eunpyeong-gu"            2       1       2       0   40000       0       0      23      76      60      60   45500       0       0
"Seongdong-gu"            2       1       2       0   10000       0       0      18      87      50      50   23000    2000       0
"Jungnang-gu"             4       1       2       0   48000       0       0      46      44     320     200   55000    3500       0
"Yangcheon-gu"            4       2       2       0       0   40000       0      35      52     500     250   40000   50000       0
"Guro-gu"                 4       1       2       0   29000       0       0      32      75     142     110   37000       0    3500
"Dongdaemun-gu"           2       1       2       0   22000       0       0      24      40     320     200   32000       0       0
"Gangdong-gu"             4       2       2       0       0   20000       0      25      35     200     200       0   20000       0
"Gangnam-gu"              4       2       2       0       0   12000       0      18      49     400     200   12000   18000    3000
"Yeongdeungpo-gu"         1       1       2       0   30000       0       0      28      64     270     100   30000    8000       0
"Jung-gu"                 2       2       2       0       0    7500       0      11      65     126      20       0    7500       0
"Gangbuk-gu"              2       1       2       0   32000       0       0      20      73     121     120   50000   10000   10000
"Geumcheon-gu"            4       1       2       0   18000       0       0      26      70     500     300   28000     500    2000
