"Songpa-gu"               4       2       2       0       0   75000       0      33      57     700     500       0   75000   20000
"Seodaemun-gu"            6       1       2       0   18000       0       0      18      45     350     150   18000       0    8000
"Yeongdeungpo-gu"         4       1       2       0   45000       0       0      35      58     400     250   49000     500   15000
"Seocho-gu"               5       1       2       0   30000       0       0      32      73     400     250   60000       0   15000
"Gangdong-gu"             7       2       2       0       0   18000       0      25      49     200     150       0   18000       0
"Jungnang-gu"             4       1       2       0   20000       0       0      46      72     450     200   55000   23000       0
"Guro-gu"                 6       1       2       0   18000       0       0      38      41     500     300   28000    1000    5000
"Gangseo-gu"              4       1       2       0    8000       0       0      17      58     800     400   25000    5000    1200
"Dobong-gu"               2       1       2       0    7000       0       0      20      77      80      80   25000    1000       0
"Gwangjin-gu"             2       1       2       0   20000       0       0      20      54     280      25   20000    3000       0
"Mapo-gu"                 2       2       2       0       0    6500       0       5      48     200     150       0    6500       0
"Eunpyeong-gu"            6       1       2       0   11500       0       0      15      43      30     350   13000       0    4000
"Dongjak-gu"              2       2       2       0       0    8500       0      15      43     190     190       0    9000       0
"Gwanak-gu"               2       2       2       0       0    6000       0       7      31     210      90       0    7000    1000
"Dongdaemun-gu"           8       2       2       0       0   10000       0       7      36     350     150       0   10000       0
"Nowon-gu"                4       1       2       0    7000       0       0      25      64     800     300   30000       0       0
"Seongbuk-gu"             5       1       2       0   45000       0       0      25      60     600     500   60000   40000       0
"Yangcheon-gu"            5       1       2       0   27000       0       0      18      52     400     350   28000     500   16000
"Jongno-gu"               4       1       2       0   40000       0       0      34      54     650     450   60000    5000    3000
"Yongsan-gu"              4       2       2       0       0   39000       0      28      50     400     300       0   39000       0
"Gangnam-gu"              4       1       2       0   39900       0       0      29      43     600     380  100000   10000       0
"Geumcheon-gu"            2       1       2       0  100000       0       0      30      63     800     500  180000    5000   68000
"Gangbuk-gu"              4       2       2       0       0   21000       0      31      36     600     300       0   25000   10000
"Seongdong-gu"            4       2       2       0       0   30000       0      30      39     280     180       0   30000       0
"Jung-gu"                 2       1       2       0   10000       0       0      17      92      56      50   70000     300   12000
