"Mapo-gu"                 4       2       1       1       0   26000       0      20      49     350     300   25000   26000       0
"Gangbuk-gu"              5       1       2       0   18000       0       0      22      52     400     300   20000    3000       0
"Gangseo-gu"              4       2       2       0       0   15000       0      17      33     280     200       0   15000    5000
"Seocho-gu"               4       1       2       0  163000       0       0      32      43    1000     500  230000   20000       0
"Gangnam-gu"              4       2       2       0       0   20000       0      13      72     100      60       0   20000       0
"Seongbuk-gu"             4       1       2       0   15000       0       0      33      78     140      80   38000       0       0
"Gangdong-gu"             4       2       2       0       0   28000       0      34      66     220     100   28000   28000       0
"Dongdaemun-gu"           2       2       2       0       0    5000       0      20      72     250      15       0    5000       0
"Yangcheon-gu"            6       2       2       0       0    9000       0      16      43     250     100       0    9300    3300
"Gwanak-gu"               6       1       2       0    6500       0       0      15      81      62      60   12000       0       0
"Dongjak-gu"              4       2       1       2       0   26500       0      21      57     340     340   50000   26500       0
"Seodaemun-gu"            5       1       2       0    8000       0       0      20      77     100     100   16000       0       0
"Guro-gu"                 4       1       1       2   30000       0       0      25      43     400     300   50000       0       0
"Songpa-gu"               6       1       2       0   20000       0       0      20      66     200     120   34000    3000       0
"Yongsan-gu"              6       2       2       0       0   10000       0      10      60      95      95       0   10000    7000
"Jungnang-gu"             2       1       2       0    8000       0       0      16      66      96      70   25000    8000       0
"Jung-gu"                 4       1       1       1   45000       0       0      35      68    1040     500  200000       0   55000
"Yeongdeungpo-gu"         2       2       2       0       0    7000       0       8      36     300     200       0   12000    3000
"Seongdong-gu"            4       1       2       0   10000       0       0      30      81      80      60   42000       0       0
"Geumcheon-gu"            2       2       2       0       0    3500       0      25      43     200     200       0    3500       0
"Eunpyeong-gu"            6       1       2       0    7500       0       0      26      58     300     200   20000    5000       0
"Dobong-gu"               4       1       2       0   12000       0       0      31      63     400     300   28000    5000       0
"Jongno-gu"               6       1       2       0    5000       0       0      18      57     217     150   10000       0       0
"Gwangjin-gu"             5       1       2       0   12000       0       0      18      71     160     100   42000       0       0
"Nowon-gu"                4       1       2       0   26000       0       0      33      53     380     350   40000       0       0
